prom_ann_wall_time=1.4288958875008393e+02
prom_ann_vs_fom_stress_rel=1.8077378315502362e-03
prom_ann_vs_fom_stress_components=1.8286070761193282e-03,1.7861242357829429e-03,1.0819790068526645e-02
prom_ann_vs_prom_gpr_stress_rel=4.0298400340547779e-03
prom_ann_vs_prom_gpr_stress_components=3.8685580521916761e-03,4.1777138146062926e-03,7.6371467492471951e-02
prom_ann_vs_prom_gpr_qm_rel=2.6510178095011935e-08
prom_ann_vs_prom_gpr_qm_components=2.6655834967630369e-08,2.6084750900568581e-08,2.5926933144876475e-08
