Stage 7b ANN training summary
data_dir=stage_7_ann_data_ls
out_dir=stage_7_ann_model_ls
seed=42
samples_total=109460
samples_train=97967
samples_val=11493
split_mode=spatial_blocks
spatial_bins=12
input_dim=3
output_dim=36
hidden_layers=(128, 128, 128, 128)
activation=silu
dropout=0.0000000000000000e+00
use_batchnorm=0
loss=mse
smoothl1_beta=1.0000000000000000e+00
lr=1.0000000000000000e-03
weight_decay=9.9999999999999995e-07
batch_size=2048
epochs_max=1500
epochs_ran=1168
best_epoch=1068
best_val_scaled_mse=7.5241338826246190e-07
last_val_scaled_mse=7.5811804994713353e-07
last_train_scaled_mse=9.0765459634102219e-07
validation_qs_global_rel_error=3.2762778573669493e-04
validation_qs_component_rel_error=6.4756820211187005e-04,7.8765378566458821e-04,1.1072604684159160e-03,7.3676719330251217e-04,8.4389041876420379e-04,1.2776041403412819e-03,6.8162690149620175e-04,6.8002688931301236e-04,7.6684297528117895e-04,5.7949492475017905e-04,1.1259835446253419e-03,1.1670398525893688e-03,5.2373617654666305e-04,3.1951657729223371e-04,4.1037943447008729e-04,1.0149460285902023e-03,7.0587667869403958e-04,1.0176647920161486e-03,5.8788730530068278e-04,5.8145279763266444e-04,1.0318227577954531e-03,8.5285864770412445e-04,7.4184359982609749e-04,4.7865021042525768e-04,4.1440653149038553e-04,8.3296297816559672e-04,6.9252535467967391e-04,6.5501965582370758e-04,1.1304888175800443e-03,4.8779774806462228e-04,6.1625352827832103e-04,4.8314357991330326e-04,7.5293576810508966e-04,1.2836431851610541e-03,5.8172846911475062e-04,1.4993526274338365e-03
