Stage 7b ANN training summary
data_dir=stage_7_ann_data_ls
out_dir=stage_7_ann_model_ls_newton
seed=42
samples_total=109460
samples_train=97967
samples_val=11493
split_mode=spatial_blocks
spatial_bins=12
input_dim=3
output_dim=36
hidden_layers=(128, 128, 128, 128)
activation=silu
dropout=0.0000000000000000e+00
use_batchnorm=0
origin_anchored=1
relative_loss_weight=5.0000000000000003e-02
relative_loss_floor_fraction=1.0000000000000000e-03
relative_loss_floor=1.4194157637590419e-02
loss=mse
smoothl1_beta=1.0000000000000000e+00
lr=1.0000000000000000e-03
weight_decay=9.9999999999999995e-07
batch_size=2048
epochs_max=2000
epochs_ran=2000
best_epoch=1983
best_val_objective=4.9573884281919632e-07
last_val_objective=5.0324754449381861e-07
last_train_objective=6.1396286443126898e-07
best_val_scaled_mse=4.9573884281919632e-07
last_val_scaled_mse=5.0324754449381861e-07
last_train_scaled_mse=6.1396286443126898e-07
validation_qs_global_rel_error=2.6074357447214425e-04
validation_qs_component_rel_error=5.3263932932168245e-04,4.6605544048361480e-04,9.3377189477905631e-04,7.2764628566801548e-04,4.5362385571934283e-04,7.5606442987918854e-04,5.3492438746616244e-04,6.1900808941572905e-04,5.4568226914852858e-04,4.6399052371270955e-04,7.7076611341908574e-04,1.0839424794539809e-03,3.6195351276546717e-04,2.5091500720009208e-04,4.0788613841868937e-04,1.0411712573841214e-03,5.1702378550544381e-04,7.8003341332077980e-04,4.1508371941745281e-04,6.7962979665026069e-04,6.9602741859853268e-04,8.4761955076828599e-04,4.9288198351860046e-04,4.9051613314077258e-04,4.6819815179333091e-04,6.3488748855888844e-04,5.1997165428474545e-04,5.3174817003309727e-04,8.2240666961297393e-04,5.0889025442302227e-04,4.1080964729189873e-04,4.3857269338332117e-04,4.7230860218405724e-04,9.0006052050739527e-04,4.1208154289051890e-04,1.1502258712425828e-03
validation_sample_rel_median=2.3481600509780837e-04
validation_sample_rel_p95=1.0647033437360186e-03
validation_low_amplitude_count=0
validation_low_amplitude_global_rel_error=nan
origin_prediction_norm=0.0000000000000000e+00
