n_steps=1150
newton_iters_total=4997
newton_iters_mean_per_step=4.345217391304348
newton_iters_max_per_step=9
map=5.928562705696095
assembly=6.995183625782374
projection=0.4333644154830836
solve=0.10367700969800353
full_sync=1.4640205235918984
accounted=14.924808280251455
other=26.159205153759103
total=41.08401343401056
mean_time_per_newton_iter=0.008221735728239055
mean_map_time_per_newton_iter=0.001186424395776685
