label=PROM-GPR
n_samples=1151
k_compare=3
rel_direct=4.4019084378933755e+00
rel_diag=8.1790985759545409e-01
rel_linear=4.8586833557407224e-03
rel_affine=4.7109932784884859e-03
rel_similarity=1.5098682321346060e-01
a_diag=1.4718415159048119e-02,2.1676951752323495e-01,1.2416979654088036e+00
corr_direct=4.3725070190581306e-01,4.2115793978773297e-01,2.1485429989164295e-01
corr_affine=9.9984614845426245e-01,9.9999636849207296e-01,9.9997954032722247e-01
