Stage 8 PROM-GPR error decomposition
stage8_dir=stage_8_prom_gpr_ls_results
basis_dir=stage_2_pod_rve
gpr_data_dir=stage_7_gpr_data_ls
n_steps=1151
n_pod=39
n_master=3
n_slave=36
pod_projection_vs_fom=9.3814102075623206e-06
ls_decoder_consistency=7.8230049481496195e-16
mu_to_qm=6.3422268153930843e-04
gpr_qs_oracle_qm=1.1360045364169988e-03
combined_qs_direct=1.1258706458406856e-03
field_qm_only_vs_pod=3.5747747255191873e-06
field_gpr_only_vs_pod=1.1359781545114546e-03
field_direct_vs_pod=1.1258501745660724e-03
field_direct_vs_fom=1.1258892602365440e-03
mu_to_qm_component_rel=4.5153203560237271e-04,5.0645080349840960e-04,4.2488130976566143e-03
gpr_qs_oracle_component_rel=3.4048922437532963e-03,4.0195032204437776e-03,4.8131674367370876e-03,8.7999165589558326e-03,1.9534005031359332e-03,6.3903445370323206e-03,3.5030494089754098e-03,5.2167703759476445e-03,4.4881530829194560e-03,4.7160061233960399e-03,6.9598801973117614e-03,7.7470575661351083e-03,2.1067870394569570e-03,1.0363769671212805e-03,5.8183414452885884e-03,6.9151813955114477e-03,3.4458746516865370e-03,7.2330995382638274e-03,3.9438326505951034e-03,3.2199617780886251e-03,1.1082219961323681e-02,5.0727008773913162e-03,3.5521670992437705e-03,3.6879401420177524e-03,2.2389960782092204e-03,7.4919256976383559e-03,3.4022264545581597e-03,2.8237391809165040e-03,6.8197830366394400e-03,2.8796699243302986e-03,2.3363727374369038e-03,2.3680113900541510e-03,4.1287055961036672e-03,6.3340158387082549e-03,2.5927181184395567e-03,7.8087291464377191e-03
combined_qs_direct_component_rel=3.6764125922366508e-03,4.4591260627629727e-03,4.9451595494697555e-03,8.6078715805144729e-03,1.8605300290870240e-03,6.3110364029869666e-03,3.3754215325529943e-03,5.4874356960980201e-03,4.7741031695251856e-03,4.9005204690818821e-03,7.0965411687929497e-03,7.7828437650639317e-03,1.9666572424851072e-03,1.0234398807135925e-03,6.1834832592985878e-03,6.7121641476238910e-03,3.2565128861221974e-03,6.8426880449928848e-03,4.2349721546661489e-03,3.0501033462179221e-03,9.9959976741514408e-03,5.4134065275548236e-03,3.4322888840216587e-03,3.7790334103585503e-03,2.1525442882338350e-03,7.2164687989668139e-03,3.5691372073919404e-03,2.8237469660420942e-03,6.3110907374748174e-03,2.8166650808460363e-03,2.4548626575222653e-03,2.1948662465206149e-03,4.5582490127814091e-03,6.2622587685058637e-03,2.7601260300864974e-03,7.3879858477487580e-03
