Stage 7b-RBF compact-center summary
input_file=ann_input_train.npy
n_samples=109460
input_dim=4
output_dim=17
n_primary=4
n_secondary=17
include_macro_strain_input=0
n_centers=4000
kernel=gaussian
epsilon=1.0000000000000000e+00
ridge=1.0000000000000000e-10
base_epsilon=5.5138082527236065e+01
grid_search=1
grid_search_samples=109460
grid_search_folds=5
grid_candidates=8
scaled_train_rel_l2=1.9186755366177404e-03
