FOM vs KRATOS Summary
================================
error_kratos_vs_fom: 5.039888285733e-11
n_common: 1151
steps_total: 1150
entries_total: 1151
error_u_kratos_vs_fom: 7.955736710824e-12
time_FOM: 4.626704281780e+02
time_KRATOS: 3.099985103480e+02
