n_steps=1150
newton_iters_total=4757
newton_iters_mean_per_step=4.136521739130435
newton_iters_max_per_step=5
map=3.718832304701209
assembly=21.820112741552293
projection=2.3270093663595617
solve=0.16068093944340944
full_sync=9.380197284277529
accounted=37.406832636334
other=32.9735823078081
total=70.3804149441421
mean_time_per_newton_iter=0.014795126118171558
mean_map_time_per_newton_iter=0.0007817599967839413
