n_steps=1150
newton_iters_total=5660
newton_iters_mean_per_step=4.921739130434783
newton_iters_max_per_step=6
map=11.070330673828721
assembly=113.26773785054684
projection=19.043963378295302
solve=0.5093263578601182
full_sync=22.524055474903435
accounted=166.4154137354344
other=260.98378945933655
total=427.39920319477096
mean_time_per_newton_iter=0.07551222671285707
mean_map_time_per_newton_iter=0.001955888811630516
