label=PROM-GPR
n_samples=1151
k_compare=3
rel_direct=1.8762510146487308e+01
rel_diag=3.4573491616931806e-01
rel_linear=7.1414865985176173e-03
rel_affine=6.7048239433337422e-03
rel_similarity=2.9349051393692061e-01
a_diag=4.8320684939731046e-02,3.9588275818154953e-02,4.4091629207699262e-01
corr_direct=9.6503015092592315e-01,9.2223568251051014e-01,9.9961497899609897e-01
corr_affine=9.9999007310103416e-01,9.9998419178384601e-01,9.9976177362665442e-01
