label=PROM-GPR
n_samples=1151
k_compare=3
rel_direct=1.6684540409590238e+02
rel_diag=6.9695833713766198e-02
rel_linear=2.1395713934616411e-03
rel_affine=2.1117690266659176e-03
rel_similarity=9.3324899586526178e-02
a_diag=6.1206897406258544e-03,5.3905035813880380e-03,2.0480320334934046e-02
corr_direct=9.9808486543006136e-01,9.9339572654587205e-01,9.9877754306862021e-01
corr_affine=9.9999806591580320e-01,9.9999808049379557e-01,9.9984640874505049e-01
