label=HPROM-MAWECM-GPR
n_samples=1151
k_compare=3
rel_direct=1.6684397403801887e+02
rel_diag=6.9696359506401892e-02
rel_linear=2.3363679940483651e-03
rel_affine=2.3017702628880289e-03
rel_similarity=9.3413520632096445e-02
a_diag=6.1206157335658056e-03,5.3905710785451906e-03,2.0509071332200833e-02
corr_direct=9.9808547056839692e-01,9.9339601958277279e-01,9.9876830448890230e-01
corr_affine=9.9999807758037795e-01,9.9999806048166262e-01,9.9980482549394467e-01
