stress_rel_prom_vs_fom=2.7993108610076028e-04
stress_rel_hprom_vs_fom=2.8326896800737964e-04
stress_rel_hprom_vs_prom=5.7300519120519978e-05
stress_component_rel_prom_vs_fom=2.4423021922422261e-04,3.0530285355505435e-04,1.8782357407424247e-02
stress_component_rel_hprom_vs_fom=2.4366162259935071e-04,3.0910385002696052e-04,2.2461967320810794e-02
stress_component_rel_hprom_vs_prom=5.2698919427203544e-05,3.4199204116266291e-05,1.5215258859548973e-02
strain_rel_prom_vs_fom=1.6197008461158377e-04
strain_rel_hprom_vs_fom=1.7196272281794718e-04
strain_rel_hprom_vs_prom=2.6323411610172641e-05
strain_component_rel_prom_vs_fom=6.3411404441926096e-05,9.1568909104941380e-05,5.2356028087625298e-03
strain_component_rel_hprom_vs_fom=6.3236345837832509e-05,9.2453406375782462e-05,5.6339936752725379e-03
strain_component_rel_hprom_vs_prom=3.4162760352390770e-06,6.2960795048592539e-06,9.3771778954542505e-04
q_m_rel_hprom_vs_prom=4.0572825129751676e-04
q_m_rmse_hprom_vs_prom=1.3705123259888080e-06
q_m_max_abs_hprom_vs_prom=5.6808204861652153e-06
q_m_component_rel_hprom_vs_prom=2.2677958305155190e-05,2.6894538954428480e-05,3.9829013723117401e-03
