stress_rel_prom_vs_fom=4.0106889321764680e-04
stress_rel_hprom_vs_fom=4.1037680021562678e-04
stress_rel_hprom_vs_prom=8.4756134493726838e-05
stress_component_rel_prom_vs_fom=3.4978282312994689e-04,4.4321924783574624e-04,1.6763154274953795e-02
stress_component_rel_hprom_vs_fom=3.4392019390902740e-04,4.6385019441707784e-04,1.8121529325721902e-02
stress_component_rel_hprom_vs_prom=7.1124453072362456e-05,7.9727998469177513e-05,1.6256373058536441e-02
strain_rel_prom_vs_fom=1.4237145154901576e-04
strain_rel_hprom_vs_fom=1.4612306731655300e-04
strain_rel_hprom_vs_prom=2.9606618250912326e-05
strain_component_rel_prom_vs_fom=4.9712422868447826e-05,8.6253141917571257e-05,4.6245694768963863e-03
strain_component_rel_hprom_vs_fom=4.7423866775942196e-05,8.4549283233006662e-05,4.8086695925117426e-03
strain_component_rel_hprom_vs_prom=1.0992905705111040e-05,1.8232400033846805e-05,9.5222457255488588e-04
q_m_rel_hprom_vs_prom=1.0497018312656755e-03
q_m_rmse_hprom_vs_prom=3.0264181781814282e-05
q_m_max_abs_hprom_vs_prom=1.3707509228022552e-04
q_m_component_rel_hprom_vs_prom=9.1534741896357778e-05,1.7470172026694866e-04,4.0708969317146473e-03
