n_steps=1150
newton_iters_total=3450
newton_iters_mean_per_step=3.0
newton_iters_max_per_step=3
map=3.930188776983414
assembly=4.140178873669356
projection=0.3575815539807081
solve=0.05740801041247323
full_sync=1.6677779015735723
accounted=10.153135116619524
other=12.834821853379253
total=22.987956969998777
mean_time_per_newton_iter=0.006663175933332979
mean_map_time_per_newton_iter=0.0011391851527488156
