label=HPROM-MAWECM-GPR
n_samples=1151
k_compare=3
rel_direct=4.4018839302743222e+00
rel_diag=8.1790435197348443e-01
rel_linear=4.8352248561822951e-03
rel_affine=4.6967499246818346e-03
rel_similarity=1.5099556981951251e-01
a_diag=1.4734768925546442e-02,2.1676836973138416e-01,1.2416976087108864e+00
corr_direct=4.3686873249026670e-01,4.2116254822147675e-01,2.1485971466072867e-01
corr_affine=9.9984855132666017e-01,9.9999637663748808e-01,9.9997959489804378e-01
