n_steps=1150
newton_iters_total=3450
newton_iters_mean_per_step=3.0
newton_iters_max_per_step=3
map=3.9892575008561835
assembly=4.541617233247962
projection=0.32158077135682106
solve=0.06126819929340854
full_sync=1.6758592621190473
accounted=10.589582966873422
other=15.628129951131996
total=26.217712918005418
mean_time_per_newton_iter=0.0075993370776827295
mean_map_time_per_newton_iter=0.0011563065219872995
