label=HPROM-MAWECM-GPR
n_samples=1151
k_compare=3
rel_direct=4.4056011754290676e+00
rel_diag=8.1785828358246848e-01
rel_linear=5.5856816366545410e-03
rel_affine=5.2903723707268101e-03
rel_similarity=1.4843324391010043e-01
a_diag=1.4466598781173262e-02,2.1666818901533075e-01,1.2427896430904779e+00
corr_direct=4.2038482785568271e-01,4.2089710108002071e-01,2.1508940151693509e-01
corr_affine=9.9969251839145201e-01,9.9999607545753377e-01,9.9997889227373016e-01
