n_steps=30
newton_iters_total=113
newton_iters_mean_per_step=3.7666666666666666
newton_iters_max_per_step=6
map=1.409723775985185
assembly=1.055691341003694
projection=0.008239147005951963
solve=0.0026949429848173168
full_sync=0.05888957100614789
accounted=2.5352387779857963
other=5.10371672801557
total=7.638955506001366
mean_time_per_newton_iter=0.06760137615930413
mean_map_time_per_newton_iter=0.012475431645886593
