n_steps=1150
newton_iters_total=3450
newton_iters_mean_per_step=3.0
newton_iters_max_per_step=3
map=4.3306667056749575
assembly=4.74929005181184
projection=0.31713453511474654
solve=0.07215773285133764
full_sync=1.5823913870262913
accounted=11.051640412479173
other=26.00681147450814
total=37.058451886987314
mean_time_per_newton_iter=0.010741580257097772
mean_map_time_per_newton_iter=0.0012552657117898428
