label=HPROM-MAWECM-GPR
n_samples=1151
k_compare=3
rel_direct=4.3905631938707090e+00
rel_diag=8.1765884132413136e-01
rel_linear=5.3499769650421922e-03
rel_affine=4.6653795804192299e-03
rel_similarity=1.5048944508455459e-01
a_diag=1.6638668678054840e-02,2.1674386946149488e-01,1.2483069236410405e+00
corr_direct=4.4337472782661641e-01,4.2106110380937478e-01,2.1579423713341525e-01
corr_affine=9.9984964356719641e-01,9.9999519969209105e-01,9.9998022429300237e-01
