label=HPROM-GPR
n_samples=1151
k_compare=3
rel_direct=1.6692322173102468e+02
rel_diag=6.9565078127864333e-02
rel_linear=4.8066930013807282e-05
rel_affine=3.1161687602931298e-06
rel_similarity=9.3262385261646263e-02
a_diag=6.1177587713481391e-03,5.3882866305181481e-03,2.0486730521717220e-02
corr_direct=9.9808843588903740e-01,9.9340184380613661e-01,9.9918836743190187e-01
corr_affine=9.9999999998189848e-01,9.9999999999690770e-01,9.9999999999990241e-01
