label=PROM-GPR
n_samples=1151
k_compare=3
rel_direct=4.4019084379619375e+00
rel_diag=8.1790985759477541e-01
rel_linear=4.8586833236369635e-03
rel_affine=4.7109932610826227e-03
rel_similarity=1.5098682321084245e-01
a_diag=1.4718415149867553e-02,2.1676951752321824e-01,1.2416979653973363e+00
corr_direct=4.3725070189851123e-01,4.2115793978556915e-01,2.1485429988610810e-01
corr_affine=9.9984614845872155e-01,9.9999636849207585e-01,9.9997954032720360e-01
