label=HPROM-GPR
n_samples=1151
k_compare=3
rel_direct=4.4018839414655160e+00
rel_diag=8.1790434983522975e-01
rel_linear=4.8352086376419216e-03
rel_affine=4.6967390575624237e-03
rel_similarity=1.5099555278748936e-01
a_diag=1.4734770807172679e-02,2.1676836933131174e-01,1.2416976305108944e+00
corr_direct=4.3686860408336498e-01,4.2116254671092374e-01,2.1485971817600810e-01
corr_affine=9.9984855345735668e-01,9.9999637664859042e-01,9.9997959491670874e-01
