label=PROM-GPR
n_samples=1151
k_compare=3
rel_direct=1.6684540409599293e+02
rel_diag=6.9695833713977084e-02
rel_linear=2.1395713275408866e-03
rel_affine=2.1117689706343580e-03
rel_similarity=9.3324899555276980e-02
a_diag=6.1206897406291183e-03,5.3905035813920921e-03,2.0480320332678641e-02
corr_direct=9.9808486543008501e-01,9.9339572654597064e-01,9.9877754306486877e-01
corr_affine=9.9999806591580487e-01,9.9999808049379757e-01,9.9984640875683717e-01
