stress_rel_prom_vs_fom=2.7993108660756582e-04
stress_rel_hprom_vs_fom=3.9146836873467433e-03
stress_rel_hprom_vs_prom=3.9170487619503433e-03
stress_component_rel_prom_vs_fom=2.4423022025850670e-04,3.0530285356479005e-04,1.8782357536596957e-02
stress_component_rel_hprom_vs_fom=3.7973959506075777e-03,4.0204763295277456e-03,7.9352234077877559e-02
stress_component_rel_hprom_vs_prom=3.8233724568940823e-03,4.0022601876145009e-03,6.9825968781852640e-02
strain_rel_prom_vs_fom=1.6197008265545921e-04
strain_rel_hprom_vs_fom=2.3229728368811021e-04
strain_rel_hprom_vs_prom=2.3894547007277748e-04
strain_component_rel_prom_vs_fom=6.3411404333262489e-05,9.1568908943167181e-05,5.2356027317602277e-03
strain_component_rel_hprom_vs_fom=1.6761444767630430e-04,3.0243199593082970e-04,3.0220583785917020e-03
strain_component_rel_hprom_vs_prom=1.6236565495676038e-04,2.8979753618329037e-04,4.2076202841900426e-03
q_m_rel_hprom_vs_prom=2.3311039868922109e-03
q_m_rmse_hprom_vs_prom=7.8742526234707935e-06
q_m_max_abs_hprom_vs_prom=2.3659424322793141e-05
q_m_component_rel_hprom_vs_prom=1.2486386123148955e-03,1.3949898357004658e-03,1.9160522336982053e-02
