prom_ann_wall_time=1.0479647069517523e+02
prom_ann_vs_fom_stress_rel=7.7922998686409006e-05
prom_ann_vs_fom_stress_components=7.0758927289837136e-05,8.4139710898154880e-05,2.3934877763902075e-03
prom_ann_vs_prom_gpr_stress_rel=3.8560595210518716e-03
prom_ann_vs_prom_gpr_stress_components=3.7524970991711054e-03,3.9481270203677457e-03,7.9592329705503506e-02
prom_ann_vs_prom_gpr_qm_rel=6.2479799298850421e-04
prom_ann_vs_prom_gpr_qm_components=4.5943216313961316e-04,4.7346352253511059e-04,4.1503592064663468e-03
