Stage6 verification HPROM summary
trajectory_index=2
path_source=stage1_applied_strain
stage0_file=stage_0_trajectory/stage_0_trajectories.npz
stage1_root=stage_1_training_set_fom
use_stage1_applied_strain_path=True
first_n_steps=1000
mesh_base=rve_geometry
mesh_hprom=rve_geometry_stage_5_hprom_data_z_union_hrom
hprom_homogenization_method=ecm_weighted
fom_homogenization_method=ecm_weighted_full
reference_area_A0=3.2146020914376852e+00
ref_steps=1
ref_amplitude=1.0000000000000000e+12
total_steps=999
entries_expected=1000
stress_rel_l2_prom=5.7953962580048427e-06
stress_rel_l2_hprom=8.6463886526995296e-06
strain_rel_l2_prom=8.2491154634112051e-06
strain_rel_l2_hprom=7.9145160202667970e-06
q_rel_l2_hprom_vs_prom=5.8802226476138182e-07
q_step_err_mean=8.5735400183836742e-07
q_step_err_max=2.7999517810858986e-06
step_err_prom_mean=6.1165597932556796e-06
step_err_prom_max=1.2498692536911348e-05
step_err_hprom_mean=8.7587909593886312e-06
step_err_hprom_max=1.5349433100288561e-05
time_FOM=1.4592774821503554e+02
time_PROM=1.3091905267199036e+02
time_HPROM=9.2910709026968107e+01
ecm_rel_error_res=6.9289254250963139e-01
ecm_rel_error_eps=1.9361777208524849e-07
ecm_rel_error_sig=1.3049000977266764e-07
