n_steps=30
newton_iters_total=69
newton_iters_mean_per_step=2.3
newton_iters_max_per_step=3
map=0.02385775798757095
assembly=0.11485170901141828
projection=0.007562721006252104
solve=0.00122508199638105
full_sync=0.0566157740104245
accounted=0.20411304401204688
other=1.3622356659871002
total=1.566348709999147
mean_time_per_newton_iter=0.022700705942016626
mean_map_time_per_newton_iter=0.000345764608515521
