n_steps=1150
newton_iters_total=27005
newton_iters_mean_per_step=23.482608695652175
newton_iters_max_per_step=25
map=109.0301412884437
assembly=233.39952761829772
projection=1.945996072536218
solve=0.8359141312830616
full_sync=2.2432732620218303
accounted=347.45485237258254
other=40.90644196042558
total=388.3612943330081
mean_time_per_newton_iter=0.014381088477430406
mean_map_time_per_newton_iter=0.00403740571332878
