n_steps=1150
newton_iters_total=4997
newton_iters_mean_per_step=4.345217391304348
newton_iters_max_per_step=9
map=6.04628437111387
assembly=7.234693175705615
projection=0.43081540847197175
solve=0.10457408399088308
full_sync=1.5909811827586964
accounted=15.407348222041037
other=31.595025483926293
total=47.00237370596733
mean_time_per_newton_iter=0.00940611841224081
mean_map_time_per_newton_iter=0.0012099828639411388
