label=HPROM-MAWECM-GPR
n_samples=1151
k_compare=3
rel_direct=4.3946203897368488e+00
rel_diag=8.1774309841563764e-01
rel_linear=1.0022135502184063e-02
rel_affine=9.8390659430558115e-03
rel_similarity=1.5180398742493417e-01
a_diag=1.6146470947293795e-02,2.1674300590081197e-01,1.2427735054464883e+00
corr_direct=4.5562276075670266e-01,4.2127506625073008e-01,2.1507023520855831e-01
corr_affine=9.9805822848368042e-01,9.9999611996605031e-01,9.9997651701014545e-01
