full_dynamic_steps=1150
sparse_dynamic_points=20
qp_init_mode=mu_affine
fom_full_runtime_s=1.8255885967501672e+02
hprom_sparse_runtime_s=8.8570205401629210e-01
hprom_sparse_no_newton_runtime_s=2.6260378898587078e-01
fom_time_per_dynamic_s=1.5874683450001453e-01
fom_sparse_warm_runtime_s=2.8521440535027068e+01
fom_sparse_warm_time_per_dynamic_s=1.4260720267513534e+00
hprom_time_per_dynamic_s=4.4285102700814608e-02
rel_stress_error_vs_fom_sparse=1.2417315014413439e-04
rel_strain_error_vs_fom_sparse=1.1665215421822315e-04
rel_sigma_eq_error_vs_fom_sparse=9.8618327956545083e-05
rel_eps_eq_error_vs_fom_sparse=1.0359054099906326e-04
rel_stress_error_hprom_no_newton_vs_fom_sparse=9.7106318294053456e-03
rel_strain_error_hprom_no_newton_vs_fom_sparse=8.5460831717196098e-04
rel_sigma_eq_error_hprom_no_newton_vs_fom_sparse=8.3712480559152650e-03
rel_eps_eq_error_hprom_no_newton_vs_fom_sparse=6.9229520590224924e-04
rel_stress_error_hprom_no_newton_vs_hprom=9.6678202830402012e-03
rel_strain_error_hprom_no_newton_vs_hprom=8.1234581140912838e-04
rel_stress_error_fom_sparse_warm_vs_fom_sparse=9.4373115971717103e-14
rel_strain_error_fom_sparse_warm_vs_fom_sparse=7.9731407033680013e-15
rel_sigma_eq_error_fom_sparse_warm_vs_fom_sparse=8.1498355988710327e-14
rel_eps_eq_error_fom_sparse_warm_vs_fom_sparse=4.4339591917813451e-15
warm_nn_dist_mean=3.4730927453303084e-02
warm_nn_dist_max=1.2427703171642336e-01
warm_nn_dist_min=0.0000000000000000e+00
warm_bridge_steps_mean=7.5499999999999998e+00
warm_bridge_steps_max=2.5000000000000000e+01
warm_bridge_steps_min=1.0000000000000000e+00
warm_bridge_steps_total=151
sparse_indices_dynamic=1,61,121,182,242,303,363,424,484,545,605,666,726,787,847,908,968,1029,1089,1150
