n_steps=1150
newton_iters_total=3450
newton_iters_mean_per_step=3.0
newton_iters_max_per_step=3
map=3.991565927688498
assembly=4.757823990425095
projection=0.33322539168875664
solve=0.062607791274786
full_sync=1.6880274517461658
accounted=10.833250552823301
other=15.872235474176705
total=26.705486027000006
mean_time_per_newton_iter=0.007740720587536234
mean_map_time_per_newton_iter=0.0011569756312140573
