label=HPROM-MAWECM-GPR
n_samples=1151
k_compare=3
rel_direct=4.4008270592904903e+00
rel_diag=8.1765971954394634e-01
rel_linear=4.9849575607429225e-03
rel_affine=4.8734785420653593e-03
rel_similarity=1.5004895319886810e-01
a_diag=1.5423096478662187e-02,2.1670162317033786e-01,1.2432014820999595e+00
corr_direct=4.3285974084053191e-01,4.2116092806034089e-01,2.1530201866023985e-01
corr_affine=9.9981558331452025e-01,9.9999631081809282e-01,9.9997896809321751e-01
