label=HPROM-GPR
n_samples=1151
k_compare=3
rel_direct=4.4018839302743098e+00
rel_diag=8.1790435197348910e-01
rel_linear=4.8352248561787624e-03
rel_affine=4.6967499246748914e-03
rel_similarity=1.5099556981951381e-01
a_diag=1.4734768925542058e-02,2.1676836973138200e-01,1.2416976087110092e+00
corr_direct=4.3686873249030928e-01,4.2116254822144455e-01,2.1485971466075490e-01
corr_affine=9.9984855132665806e-01,9.9999637663748897e-01,9.9997959489804500e-01
