n_steps=1150
newton_iters_total=3450
newton_iters_mean_per_step=3.0
newton_iters_max_per_step=3
map=3.8590860947733745
assembly=4.824640742386691
projection=0.32725673337699845
solve=0.05722344049718231
full_sync=1.6282042086822912
accounted=10.696411219716538
other=15.636319251265377
total=26.332730470981915
mean_time_per_newton_iter=0.007632675498835338
mean_map_time_per_newton_iter=0.0011185756796444563
