label=HPROM-MAWECM-GPR
n_samples=1151
k_compare=3
rel_direct=4.4017654195605340e+00
rel_diag=8.1793450360587638e-01
rel_linear=4.7998518077684094e-03
rel_affine=4.6559867630790713e-03
rel_similarity=1.5132993233860789e-01
a_diag=1.4750424730546611e-02,2.1675876941732455e-01,1.2413290330407838e+00
corr_direct=4.3829869886517581e-01,4.2119987939356862e-01,2.1479150922962492e-01
corr_affine=9.9985650332411324e-01,9.9999642419878065e-01,9.9997974205935825e-01
