label=HPROM-MAWECM-GPR
n_samples=1151
k_compare=3
rel_direct=1.8759445541430608e+01
rel_diag=3.4566728145311976e-01
rel_linear=7.0872253306515079e-03
rel_affine=6.5972003770507449e-03
rel_similarity=2.9348858952451878e-01
a_diag=4.8320766439401447e-02,3.9588224898592796e-02,4.4202911183428528e-01
corr_direct=9.6502415211447079e-01,9.2225429905288470e-01,9.9963833563748694e-01
corr_affine=9.9998996250771388e-01,9.9998393576473488e-01,9.9977550472305621e-01
