n_steps=30
newton_iters_total=69
newton_iters_mean_per_step=2.3
newton_iters_max_per_step=3
map=0.015888323989202036
assembly=0.09421005399781279
projection=0.006767343995306874
solve=0.0010814450033649337
full_sync=0.04182355598823051
accounted=0.15977072297391715
other=0.6831536460231291
total=0.8429243689970463
mean_time_per_newton_iter=0.012216295202855743
mean_map_time_per_newton_iter=0.00023026556506089906
