n_steps=30
newton_iters_total=136
newton_iters_mean_per_step=4.533333333333333
newton_iters_max_per_step=15
map=2.2603607540222583
assembly=1.868987345998903
projection=0.013343247006559977
solve=0.0046470820052491035
full_sync=0.07643319200360565
accounted=4.223771621036576
other=7.922547840964398
total=12.146319462000974
mean_time_per_newton_iter=0.08931117251471304
mean_map_time_per_newton_iter=0.01662029966192837
