n_steps=1150
newton_iters_total=3450
newton_iters_mean_per_step=3.0
newton_iters_max_per_step=3
map=3.992764181981329
assembly=4.3121358954231255
projection=0.3201057756668888
solve=0.05999064538627863
full_sync=1.7088795226300135
accounted=10.393876021087635
other=22.81337738689035
total=33.20725340797799
mean_time_per_newton_iter=0.009625290842892171
mean_map_time_per_newton_iter=0.0011573229512989358
