n_steps=1150
newton_iters_total=3450
newton_iters_mean_per_step=3.0
newton_iters_max_per_step=3
map=4.14342272822978
assembly=4.398001134279184
projection=0.3221578578231856
solve=0.061133414157666266
full_sync=1.7800265608238988
accounted=10.704741695313714
other=17.482249029679224
total=28.18699072499294
mean_time_per_newton_iter=0.008170142239128387
mean_map_time_per_newton_iter=0.0012009920951390667
